1.09
1.94
1.62
1.10
1.51
1.00
1.16
1.70
1.11
1.96
1.34
1.57
1.34
1.70
1.02
1.34
1.00
1.66
1.30
1.55
1.27
1.60
1.67
1.00
1.29
1.94
1.93
1.95
1.08
1.40
2.12
2.50
2.89
2.96
1.61
1.23
1.29
2.74
2.74
1.66
2.95
2.77
2.31
2.07
2.80
1.70
2.74
1.08
1.59
1.81
1.59
1.33
1.67
1.33
1.96
1.41
2.96
1.82
1.42
1.80
2.74
2.27
2.10
2.04
1.79
1.08
2.93
1.43
1.48
2.72
2.14
2.89
1.15
2.28
2.37
1.40
1.64
1.91
2.38
2.81
1.45
2.91
1.34
2.02
2.79
2.69
1.60
2.93
1.37
1.37
2.06
2.71
2.85
2.66
2.12
1.64
1.63
2.77
2.62
1.15
2.53
2.10
2.22
2.22
1.17
2.50
2.04
1.02
1.69
1.07
1.80
1.19
1.71
2.71
1.07
2.26
1.73
2.92
1.58
1.07
1.18
2.69
1.55
2.27
2.88
1.65
2.84
2.77
1.09
1.26
1.37
1.06
1.50
1.28
2.97
2.36
1.34
1.27
2.61
1.71
1.29
1.76
2.84
2.23
2.34
1.16
1.15
2.18
2.65
2.51
2.19
2.62
1.20
2.87
2.21
2.86
2.77
1.11
2.17
2.43
2.74
1.85
1.06
2.76
2.06
1.27
2.16
2.22
1.03
1.63
2.53
1.93
2.23
2.64
2.93
1.42
1.33
1.65
1.38
1.89
2.71
1.51
2.42
1.68
2.99
1.68
2.26
2.59
1.89
1.99
1.13
1.20
2.38
2.78
2.28
2.93
2.45
1.68
2.34
1.17
1.18
2.88
1.97
2.09
2.76
2.49
1.26
2.09
2.30
2.09
2.59
1.79
2.36
1.69
1.25
2.07
1.65
2.80
2.59
1.84
2.32
2.58
2.20
1.83
1.01
2.57
2.19
1.97
1.95
1.10
2.34
1.72
1.36
2.00
1.89
1.30
1.31
2.80
1.37
2.20
2.72
2.57
2.89
1.55
1.97
1.19
1.37
2.28
1.07
1.53
2.11
2.28
2.80
1.28
2.26
2.35
1.21
1.89
2.99
1.12
1.88
2.06
1.27
2.74
1.24
1.69
1.60
2.64
2.45
2.75
2.29
1.71
2.51
1.46
2.32
1.45
1.12
1.76
1.46
2.99
1.74
1.06
1.56
2.35
2.96
1.98
1.91
1.59
2.05
1.93
2.88
2.17
3.00
2.42
1.05
1.15
2.69
2.81
2.84
2.94
1.63
2.84
2.16
2.38
1.24
1.97
2.06
2.27
2.30
2.37
2.90
2.93
1.04
1.19
1.81
1.34
2.25
1.77
1.39
1.34
2.51
1.26
1.45
1.52
1.56
1.30
1.38
2.15
2.28
1.40
2.32
1.06
2.13
2.85
2.39
2.12
1.77
1.35
2.15
1.72
1.11
1.40
1.08
1.42
1.98
1.57
2.69
1.84
1.27
1.30
2.89
2.84
1.36
1.18
1.69
2.88
1.73
1.53
1.25
1.90
2.32
2.14
2.80
2.61
2.79
2.49
2.24
1.81
2.40
2.42
1.59
1.28
1.03
1.34
1.11
1.27
2.55
1.42
2.27
2.83
1.56
1.54
1.53
1.93
1.60
1.57
2.35
2.38
2.56
2.53
2.95
2.73
2.40
2.38
2.66
1.27
1.99
2.34
1.97
2.65
1.55
1.74
1.13
1.65
2.58
1.94
2.08
2.25
1.44
1.80
2.74
1.12
2.02
1.11
2.64
2.61
1.36
1.30
2.93
2.25
1.50
1.79
2.56
2.85
1.39
2.58
1.93
2.52
2.34
1.48
2.47
1.94
2.89
2.19
2.39
2.61
1.09
1.87
1.81
1.06
2.35
2.33
2.66
1.43
1.73
2.07
1.68
1.10
1.29
1.04
1.11
2.91
2.30
2.74
2.96
2.55
2.02
1.30
2.92
1.94
1.70
1.53
1.39
1.47
1.05
2.06
1.59
1.41
2.88
2.93
2.12
1.78
2.80
2.41
1.81
2.88
1.26
2.19
2.64
2.46
2.49
2.64
2.70
1.66
1.56
1.20
1.34
2.92
1.89
2.71
1.21
1.93
2.85
1.13
1.73
2.32
1.71
2.74
1.72
1.66
2.03
2.71
2.55
2.80
1.35
2.97
2.48
1.99
2.56
1.79