14.20
12.66
10.02
13.13
13.27
12.14
14.15
11.24
14.47
10.72
10.31
14.40
13.41
12.98
11.28
13.50
13.57
14.36
13.65
14.56
14.28
14.06
14.44
12.17
11.43
11.35
10.45
10.46
13.11
10.26
12.83
14.12
12.68
10.81
14.74
12.01
13.08
13.74
12.61
10.27
11.52
11.33
12.05
14.83
10.59
14.01
12.45
10.55
12.42
10.68
10.17
14.76
14.45
10.35
13.40
13.10
11.79
14.20
13.26
14.34
12.79
14.40
13.82
13.18
11.77
10.13
10.76
12.16
14.37
11.86
11.77
13.62
13.71
11.35
14.05
12.63
12.66
13.37
13.19
14.72
10.12
14.57
14.89
14.58
11.95
11.08
10.66
12.89
10.06
13.70
10.90
13.74
11.08
13.55
13.60
13.47
14.31
11.02
14.84
10.17
11.92
12.93
12.20
14.48
12.83
10.39
10.35
12.85
10.46
14.59
13.56
14.36
13.15
13.62
13.29
10.26
10.10
10.56
14.61
12.84
14.90
11.76
14.08
11.72
12.68
14.58
12.88
10.43
11.67
14.82
12.50
10.54
14.27
12.61
12.40
13.39
12.65
14.31
12.85
11.44
13.66
13.93
12.93
12.01
12.91
14.62
13.62
10.83
13.16
14.39
12.49
11.56
12.33
14.99
11.83
14.75
12.22
14.33
14.04
11.32
14.40
10.62
13.78
10.73
10.81
10.23
13.47
13.49
12.45
12.40
14.96
10.67
10.70
10.18
12.45
14.90
12.10
11.00
13.25
13.75
14.01
14.61
10.77
10.82
14.85
12.43
10.65
13.78
14.76
10.04
14.23
11.32
14.21
13.36
10.32
12.44
10.17
14.60
10.09
11.97
11.81
10.75
11.45
10.70
14.99
10.68
13.84
11.76
12.27
11.55
11.38
11.87
13.18
11.03
11.64
12.62
11.86
14.66
10.08
11.37
12.65
11.02
14.72
10.91
12.20
13.20
13.62
14.19
14.82
10.97
12.69
12.70
11.60
11.93
14.51
12.42
12.30
13.71
14.38
10.75
12.66
10.40
12.95
11.55
14.05
13.90
10.87
12.50
11.27
13.98
14.33
10.29
13.53
11.62
11.60
14.55
13.28
11.04
14.58
10.07
11.93
14.27
10.88
10.29
11.27
10.91
11.15
11.60
14.49
11.96
13.16
13.81
10.28
13.24
13.78
12.13
14.37
12.73
11.86
14.14
12.45
11.02
10.33
13.15
14.66
10.35
12.61
10.51
11.91
10.45
14.29
14.80
10.50
13.65
13.19
10.20
12.37
12.16
11.75
14.21
14.36
12.42
13.60
12.12
11.26
14.75
11.98
11.55
13.97
11.46
10.98
10.16
10.32
12.48
11.90
13.44
13.46
10.41
10.27
12.05
14.02
10.68
11.06
10.04
14.71
13.18
12.96
10.23
13.31
13.10
14.95
13.05
11.90
12.36
12.19
12.86
13.42
12.35
10.63
13.30
13.78
14.81
14.10
14.21
10.78
10.16
10.24
12.72
14.34
11.27
11.29
14.81
10.26
11.06
13.72
11.91
13.56
13.88
10.57
13.20
10.38
13.74
13.71
10.60
11.67
11.73
13.49
12.27
10.10
11.16
11.68
14.59
11.06
10.90
14.45
14.30
12.35
11.24
10.68
14.15
11.69
11.69
12.17
10.42
10.45
11.54
11.13
14.80
11.68
11.94
11.84
10.95
10.05
12.56
12.69
13.10
11.51
11.63
11.41
14.85
10.25
10.22
11.12
10.76
10.89
10.13
11.66
12.35
14.05
14.80
10.62
12.18
14.24
13.85
11.09
11.40
14.25
14.60
13.00
11.42
11.50
13.25
12.79
14.46
12.43
13.71
11.84
10.97
12.42
14.19
11.69
13.92
14.75
14.92
10.38
10.94
13.87
10.29
12.07
10.05
14.57
14.64
13.75
13.55
10.61
13.82
11.05
12.29
13.17
13.26
11.89
14.06
11.59
14.10
10.50
10.37
11.13
10.37
11.23
10.33
14.81
13.57
10.69
13.36
14.03
10.77
13.99
14.98
10.19
12.95
10.33
10.90
12.64
13.26
10.56
14.54
11.07
13.21
14.23
12.08
13.74
10.48
11.53
12.16
11.28
13.24
10.38
13.65
14.18
14.41
12.19
10.95
10.85
13.33
10.32
10.64
11.84
13.32
13.49
11.62