2.85
1.61
2.91
1.01
2.03
1.80
1.61
2.31
1.18
1.05
1.00
2.58
1.26
1.03
1.50
1.09
1.03
2.19
2.30
2.73
1.23
2.75
1.56
1.75
2.67
2.31
1.44
2.72
1.32
2.25
1.31
1.03
2.43
2.97
2.26
2.44
2.96
2.26
2.09
1.93
2.77
1.70
1.80
2.74
2.48
1.67
2.96
1.86
2.95
1.22
1.15
2.35
1.22
1.73
1.14
1.21
2.74
2.24
1.65
2.86
1.62
2.09
1.71
1.69
2.12
2.52
1.40
1.51
2.28
1.79
1.80
2.60
2.21
1.56
1.69
2.08
1.75
2.42
1.21
1.62
1.40
2.36
1.16
2.77
1.14
1.67
1.39
1.09
1.05
2.68
2.48
2.35
2.14
1.42
1.89
1.46
1.67
2.37
2.30
2.41
1.63
1.53
1.29
1.92
2.90
1.92
2.09
2.03
2.53
2.77
2.47
2.81
1.19
2.16
1.93
1.65
2.97
2.61
2.48
2.85
1.63
2.93
1.65
1.59
2.42
2.62
1.72
2.79
2.73
1.83
2.36
2.82
1.99
2.25
1.72
1.50
1.55
1.89
1.95
2.55
2.40
2.40
1.34
1.18
1.14
2.10
2.45
1.29
1.90
2.90
1.46
2.61
2.50
2.84
1.86
2.72
2.60
2.11
1.16
2.14
2.19
1.04
1.43
2.27
2.59
1.88
2.43
2.39
2.70
2.10
1.81
2.64
1.15
2.95
1.37
1.36
1.71
2.47
2.22
1.19
1.54
1.12
1.93
2.82
2.45
2.86
1.10
2.33
1.74
2.33
1.11
1.79
2.11
2.98
1.11
1.00
2.33
1.74
2.83
2.99
1.68
2.89
2.28
1.28
1.29
2.28
2.15
2.87
1.13
2.62
2.95
1.16
1.61
2.49
2.24
2.42
2.25
2.41
1.39
2.68
2.60
2.24
2.77
2.17
2.04
2.12
2.74
1.34
1.78
1.15
2.91
1.46
2.15
1.05
1.14
2.95
1.17
1.23
2.91
2.70
2.03
1.87
2.70
2.97
2.11
1.72
2.28
1.56
2.44
2.93
2.12
1.46
1.01
2.39
1.45
2.60
1.96
1.45
1.76
1.52
1.54
2.56
2.23
2.69
2.08
2.98
2.83
1.60
2.54
2.92
2.66
2.37
2.53
2.79
2.52
2.45
2.00
2.41
2.61
2.69
1.55
1.25
1.79
2.01
1.63
2.40
2.95
2.65
1.60
2.06
2.64
2.08
1.26
1.23
1.34
1.67
2.27
2.45
2.49
1.15
2.58
2.48
2.70
1.44
1.95
1.05
1.65
2.07
2.44
2.99
2.28
2.33
2.89
1.59
2.32
2.07
2.31
2.98
2.38
1.89
2.34
1.27
2.27
2.73
1.02
1.33
1.78
1.45
1.34
2.76
2.49
2.47
2.49
1.34
1.78
1.57
2.85
1.72
1.12
2.09
2.44
1.05
2.96
1.19
1.76
2.01
1.81
1.01
2.86
2.46
1.53
2.22
1.59
1.16
1.89
1.69
1.28
2.60
2.57
1.56
1.22
1.44
1.49
2.86
2.53
1.97
1.70
1.08
1.70
2.16
1.97
2.15
1.03
2.28
1.71
2.82
1.25
1.35
1.84
1.56
2.40
1.81
2.70
2.66
1.66
1.67
1.49
1.53
1.36
1.51
1.12
2.90
1.19
1.52
1.94
2.05
1.63
1.21
1.35
2.03
1.99
1.29
1.87
1.39
2.02
1.83
2.21
2.85
2.43
2.70
1.25
2.06
1.18
2.12
1.06
2.64
1.16
2.16
2.72
1.61
2.32
2.88
2.77
1.23
2.34
1.15
2.13
2.67
1.42
1.95
1.35
1.68
1.90
1.46
2.29
1.04
1.12
2.21
2.44
2.62
1.16
1.36
2.40
1.18
2.85
2.70
1.46
1.82
2.82
1.54
2.28
2.84
2.44
2.03
2.73
1.02
2.59
1.87
2.72
1.24
2.79
1.49
1.16
2.63
2.35
2.74
2.16
1.58
1.65
1.72
2.92
1.35
1.31
1.26
2.01
1.19
1.30
1.49
1.82
2.36
1.95
2.79
1.86
1.13
1.16
1.41
2.52
1.92
2.20
1.26
1.78
1.69
2.98
2.21
2.61
1.32
1.70
1.82
2.01
2.30