0.31
0.45
0.35
0.32
0.25
0.32
0.11
0.41
0.35
0.48
0.13
0.30
0.34
0.17
0.17
0.42
0.44
0.44
0.23
0.38
0.30
0.30
0.28
0.38
0.19
0.39
0.33
0.11
0.23
0.13
0.35
0.30
0.10
0.17
0.37
0.36
0.45
0.13
0.47
0.45
0.30
0.15
0.45
0.32
0.41
0.13
0.12
0.27
0.49
0.48
0.23
0.30
0.33
0.44
0.36
0.49
0.36
0.16
0.26
0.26
0.30
0.47
0.30
0.23
0.16
0.12
0.13
0.14
0.35
0.30
0.44
0.38
0.42
0.28
0.27
0.19
0.45
0.30
0.39
0.22
0.46
0.19
0.20
0.15
0.17
0.26
0.28
0.49
0.32
0.21
0.19
0.48
0.20
0.41
0.33
0.29
0.42
0.29
0.18
0.24
0.23
0.34
0.37
0.31
0.27
0.18
0.29
0.23
0.36
0.20
0.13
0.45
0.11
0.44
0.17
0.18
0.27
0.22
0.34
0.46
0.44
0.29
0.21
0.46
0.35
0.30
0.12
0.23
0.22
0.49
0.22
0.37
0.45
0.49
0.15
0.34
0.45
0.17
0.31
0.29
0.27
0.16
0.28
0.30
0.18
0.25
0.40
0.15
0.31
0.13
0.27
0.11
0.26
0.44
0.45
0.13
0.22
0.13
0.10
0.13
0.43
0.11
0.17
0.42
0.26
0.13
0.28
0.18
0.15
0.11
0.45
0.30
0.24
0.48
0.40
0.15
0.42
0.34
0.23
0.16
0.22
0.29
0.14
0.27
0.16
0.14
0.48
0.11
0.26
0.15
0.49
0.21
0.47
0.33
0.44
0.40
0.28
0.41
0.27
0.45
0.21
0.24
0.31
0.16
0.16
0.37
0.38
0.29
0.44
0.38
0.26
0.14
0.16
0.34
0.22
0.43
0.41
0.20
0.41
0.19
0.42
0.45
0.47
0.27
0.28
0.39
0.39
0.11
0.31
0.46
0.29
0.12
0.48
0.33
0.39
0.11
0.40
0.11
0.23
0.26
0.29
0.40
0.21
0.47
0.15
0.14
0.45
0.40
0.24
0.16
0.46
0.34
0.31
0.21
0.27
0.11
0.33
0.45
0.41
0.42
0.42
0.24
0.20
0.38
0.31
0.30
0.26
0.38
0.24
0.18
0.39
0.24
0.38
0.22
0.12
0.41
0.22
0.44
0.14
0.45
0.29
0.40
0.27
0.30
0.27
0.22
0.47
0.39
0.15
0.48
0.16
0.39
0.17
0.18
0.17
0.26
0.44
0.37
0.17
0.17
0.47
0.48
0.15
0.21
0.26
0.23
0.36
0.20
0.28
0.39
0.46
0.41
0.30
0.48
0.27
0.32
0.12
0.37
0.26
0.44
0.20
0.49
0.50
0.37
0.30
0.14
0.31
0.35
0.15
0.31
0.23
0.34
0.30
0.37
0.13
0.40
0.27
0.22
0.24
0.41
0.43
0.36
0.25
0.38
0.13
0.26
0.41
0.15
0.49
0.38
0.26
0.11
0.19
0.43
0.26
0.49
0.10
0.13
0.32
0.20
0.16
0.16
0.20
0.16
0.18
0.14
0.11
0.19
0.18
0.41
0.28
0.32
0.25
0.48
0.42
0.43
0.45
0.50
0.13
0.39
0.13
0.26
0.48
0.16
0.29
0.22
0.40
0.32
0.16
0.26
0.49
0.22
0.32
0.48
0.12
0.18
0.17
0.47
0.12
0.38