2.96
2.21
2.44
2.71
2.74
2.43
2.01
2.88
2.12
2.43
2.53
2.56
2.40
2.94
2.27
2.23
2.30
2.01
2.91
2.31
2.27
2.47
2.92
2.05
2.64
2.99
2.88
2.21
2.08
2.88
2.53
2.58
2.78
2.58
2.72
2.29
2.55
2.66
2.52
2.02
2.65
2.68
3.00
2.87
2.83
2.36
2.44
2.46
2.39
2.83
2.31
2.76
2.55
2.48
2.11
2.77
2.97
2.52
2.21
2.65
2.34
2.92
2.74
2.98
2.54
2.40
2.19
2.69
2.71
2.42
2.90
2.47
2.53
2.58
2.96
2.17
2.71
2.60
2.71
2.88
2.89
2.19
2.47
2.81
2.68
2.60
2.83
2.36
2.10
2.88
2.32
2.21
2.01
2.39
2.06
2.89
2.90
2.75
2.55
2.24
2.81
2.23
2.60
2.56
2.75
2.27
2.97
2.55
2.80
2.86
2.31
2.16
2.48
2.79
2.48
2.53
2.89
2.46
2.52
2.38
2.74
2.87
2.08
2.27
2.20
2.38
2.22
2.51
2.15
2.59
2.47
2.44
2.58
2.14
2.66
2.51
2.20
2.43
2.55
2.15
2.82
2.44
2.75
2.74
2.39
2.53
2.05
2.09
2.07
2.87
2.73
2.71
2.17
2.26
2.24
2.68
2.26
2.70
2.04
2.74
2.53
2.51
2.41
2.90
2.48
2.04
2.32
2.37
2.51
2.14
2.55
2.07
2.57
2.05
2.97
2.75
2.77
2.46
2.41
2.83
2.48
2.17
2.82
2.60
2.14
2.71
2.93
2.88
2.09
2.40
2.68
2.30
2.77
2.78
2.69
2.49
2.56
2.18
2.79
2.20
2.16
2.92
2.80
2.68
2.39
2.49
2.72
2.35
2.38
2.90
2.53
2.53
2.69
2.99
2.93
2.06
2.22
2.96
2.40
2.26
2.59
2.47
2.16
2.12
2.91
2.65
2.78
2.80
2.50
2.03
2.45
2.55
2.86
2.14
3.00
2.01
2.72
2.47
2.26
2.16
2.53
2.86
2.54
2.95
2.82
2.12
2.21
2.35
2.16
2.36
2.05
2.72
2.49
2.89
2.19
2.99
2.30
2.79
2.90
2.73
2.93
2.26
2.10
2.15
2.15
2.53
2.77
2.56
2.06
2.76
2.25
2.09
2.22
2.68
2.44
2.65
2.96
2.74
2.27
2.88
2.73
2.51
2.62
2.56
2.33
2.80
2.16
2.43
2.94
2.17
2.80
2.47
2.07
2.14
2.59
2.83
2.25
2.07
2.14
2.21
2.08
2.53
2.87
2.31
2.58
2.92
2.00
2.99
2.87
2.80
2.94
2.22
2.64
2.28
2.77
2.57
2.73
2.06
2.42
2.81
2.04
2.99
2.84
2.64
2.49
2.01
2.70
2.73
2.18
2.03
2.06
2.49
2.99
3.00
2.30
2.50
2.55
2.51
2.99
2.43
2.96
2.75
2.19
2.45
2.81
2.96
2.76
2.38
2.95
2.97
2.86
2.77
2.75
2.03
2.29
2.68
2.24
2.14
2.18
2.77
2.12
2.38
2.36
2.05
2.23
2.28
2.31
2.40
2.81
2.20
2.60
2.09
2.50
2.43
2.38
2.73
2.83
2.78
2.50
2.08
2.57
2.23
2.64
2.82
2.27
2.13
2.93
2.59
2.15
2.76
2.11
2.30
2.02
2.29
2.83
2.36
2.33
2.51
2.20
2.53
2.90
2.11
2.12
2.54
2.03
2.30
2.74
2.10
2.73
2.60
2.77
2.05
2.59
2.25
2.24
2.24
2.15
2.97
2.81
2.75
2.41
2.36
2.52
2.09
2.45
2.02
2.63
2.73
2.06
2.21
2.97
2.20
2.72
2.74
2.90
2.80
2.11
2.79
2.05
2.61
2.91
2.87
2.74
2.05
2.65
2.58
2.75
2.21
2.77
2.09
2.34
2.15
2.43
2.29
2.20
2.50
2.74
2.02
2.89
2.50
2.83
2.91
2.69
2.81
2.15
2.02
2.50
2.66
2.24
2.08
2.65
2.55
2.45
2.83
2.73
2.64
2.58
2.69
2.40
2.19
2.24
2.21
2.64
2.80
2.86
2.50
2.83
2.93
2.30
2.20
2.58
2.55
2.29
2.02
2.19
2.30
2.97
2.79
2.18
2.25