2.33
1.98
2.77
2.38
2.52
2.97
2.83
2.58
2.14
2.89
2.31
2.78
1.97
2.62
2.78
2.54
2.53
2.00
2.61
2.36
2.16
2.70
2.93
2.97
2.72
2.89
2.22
2.08
2.11
2.24
2.00
1.94
2.08
2.47
1.97
2.74
2.65
2.68
2.69
2.36
2.59
2.71
1.95
2.94
2.50
2.66
2.65
2.33
2.82
2.42
2.63
2.25
2.21
2.89
2.31
2.42
2.39
2.79
1.93
1.97
2.36
2.93
2.45
1.92
2.38
2.31
2.52
2.65
2.23
2.29
2.07
2.55
2.30
2.13
2.10
1.96
2.36
2.53
2.87
2.19
2.99
2.63
2.22
2.70
2.30
2.52
2.80
2.05
2.18
2.74
2.29
2.28
1.93
2.61
2.14
2.59
2.53
1.94
1.94
2.21
2.64
2.91
2.92
2.37
2.99
3.00
2.99
2.06
3.00
2.03
2.53
2.06
2.61
2.54
2.64
2.67
2.17
2.77
2.50
1.96
2.44
2.14
1.97
2.20
1.97
2.19
1.96
2.35
2.35
2.44
2.97
2.72
2.67
2.69
2.82
2.19
2.95
2.33
2.27
2.63
2.45
2.23
2.23
2.79
2.52
2.70
2.66
2.11
2.10
2.11
2.01
2.60
2.77
2.13
2.73
2.75
2.98
2.94
2.57
2.35
1.93
2.07
2.82
2.80
2.83
2.56
2.56
2.82
2.73
2.95
2.27
2.69
2.24
2.28
2.12
1.93
2.07
2.67
2.76
2.05
2.39
2.72
2.89
2.56
2.81
2.54
1.93
2.20
2.40
2.81
2.08
2.97
2.81
2.98
2.53
2.42
2.36
2.44
1.90
2.85
2.17
2.42
2.07
2.55
2.39
1.97
2.42
2.97
2.01
2.92
1.99
2.77
2.11
1.92
2.95
2.06
2.22
2.53
2.86
2.82
2.51
1.95
2.72
2.74
2.74
2.84
2.29
2.87
2.94
2.09
2.23
2.93
2.20
2.02
1.99
2.43
2.31
2.40
1.97
2.86
2.24
2.59
2.78
2.22
2.47
2.44
2.92
2.43
2.07
2.61
2.37
2.52
2.07
2.88
2.43
1.96
2.96
2.09
2.55
2.55
2.88
2.20
2.85
2.50
2.47
2.82
2.79
2.49
1.92
2.44
2.64
2.92
1.96
2.00
2.84
2.38
2.74
2.19
2.33
2.47
2.01
2.40
2.84
2.12
2.47
2.24
2.12
2.19
2.39
2.69
2.07
2.94
2.61
2.51
2.02
2.46
2.58
2.03
1.91
2.00
2.98
2.16
2.94
2.43
2.32
2.06
2.68
2.80
2.05
2.91
2.32
2.83
2.22
2.18
2.51
1.93
2.15
2.54
2.15
2.74
2.17
2.77
2.88
2.81
2.65
2.38
2.60
2.45
2.47
2.83
2.09
2.05
2.01
2.10
2.94
2.36
2.82
2.88
2.47
1.98
2.45
2.61
2.07
2.95
2.28
2.31
2.53
2.98
2.25
2.21
























