15.82
15.48
15.15
15.21
16.37
16.94
15.35
16.15
15.75
16.55
16.18
15.78
16.96
16.67
16.41
16.47
16.09
15.54
15.85
16.78
15.74
15.69
16.51
16.34
16.80
16.16
15.71
16.28
16.42
16.97
16.37
15.54
16.83
15.87
16.10
15.60
15.45
15.62
15.37
16.85
16.44
15.91
15.48
15.82
16.02
16.33
15.78
16.54
15.63
16.95
15.60
15.45
15.40
15.95
15.78
15.67
15.23
16.09
15.99
15.96
15.39
15.61
15.64
16.51
16.43
15.75
15.91
15.99
16.65
15.28
16.67
16.35
16.81
15.37
15.68
15.10
16.95
16.06
15.60
15.26
16.53
16.56
15.78
16.45
15.19
16.32
16.52
16.82
16.80
15.40
15.97
16.18
15.47
16.64
16.55
16.47
15.60
15.39
15.70
15.20
16.94
16.79
16.99
16.40
16.06
16.67
15.18
15.64
16.97
16.85
16.90
15.13
15.41
16.01
15.61
15.89
16.16
16.05
15.16
15.28
15.58
15.95
16.92
16.55
15.76
16.85
15.23
15.96
16.75
15.74
16.23
16.41
15.97
15.44
15.71
16.96
16.74
15.84
16.01
15.38
16.03
15.52
16.19
15.39
16.63
15.22
15.44
15.68
16.11
15.33
16.64
15.58
16.52
17.00
16.03
16.72
15.34
15.21
16.13
16.33
16.01
15.14
15.83
16.50
16.22
15.49
16.76
16.62
15.69
16.66
16.66
16.03
15.67
17.00
16.63
16.04
16.28
15.95
15.90
15.96
16.70
15.83
15.74
15.88
16.23
16.54
15.67
15.95
15.24
16.82
15.93
15.39
16.93
16.00
16.34
16.59
16.13
16.75
16.91
15.56
16.48
16.08
16.75
16.33
16.55
16.79
16.85
16.46
15.15
16.42
15.52
15.48
15.78
16.06
16.93
15.83
16.53
16.94
15.91
16.99
15.20
16.57
16.35
16.76
16.15
16.79
16.32
16.11
16.89
16.84
15.34
16.89
15.59
16.74
16.49
15.11
16.33
16.10
15.46
16.54
16.96
15.81
16.51
16.29
15.47
16.73
16.64
15.40
15.72
15.82
15.17
15.24
16.61
15.47
16.51
16.99
16.08
15.85
16.08
16.79
16.54
15.77
16.16
15.32
15.77
15.24
16.61
16.91
15.74
16.63
16.03
16.32
15.68
15.54
15.80
15.67
15.45
15.10
16.46
16.03
15.43
16.39
15.19
16.83
16.39
16.59
15.33
15.83
15.35
15.71
15.58
15.69
15.80
15.31
16.16
16.63
15.15
15.61
16.90
15.14
15.55
15.77
15.44
16.11
15.63
15.23
15.51
15.51
16.25
16.97
15.90
16.65
16.69
15.59
16.86
15.46
16.63
15.82
16.29
15.72
16.78
16.49
16.65
15.87
16.89
15.10
15.85
15.81
15.78
16.64
15.13
15.66
15.94
15.64
15.54
15.20
15.96
16.82
16.88
15.20
15.42
16.83
16.98
15.81
16.31
15.29
16.63
15.22
15.59
15.80
15.49
15.93
16.82
15.45
16.11
16.57
15.19
16.76
15.77
15.60
15.62
16.80
16.11
15.25
16.38
15.43
16.22
16.74
16.47
15.78
16.46
16.28
15.57
16.50
16.05
16.20
15.27
15.20
16.68
15.99
16.37
15.72
16.90
16.75
16.39
16.56
16.58
15.32
16.03
15.20
15.19
15.15
16.13
15.78
16.32
16.63
15.91
15.71
16.62
15.99