1.23
1.64
0.60
1.57
1.96
1.35
0.55
0.61
0.93
1.14
0.74
0.92
1.17
0.99
1.87
1.61
0.86
1.02
1.33
1.15
1.44
0.95
0.55
1.75
0.76
1.89
1.20
0.62
1.63
1.68
1.34
1.59
0.87
0.98
0.96
1.93
1.55
1.75
1.09
0.59
1.70
1.21
1.98
1.18
1.20
1.56
1.16
1.17
1.36
0.62
0.74
1.53
0.81
1.37
0.99
0.61
1.49
1.16
1.11
1.60
0.97
1.14
1.31
1.33
1.88
1.43
1.19
1.55
1.00
1.66
1.18
1.26
1.47
1.09
0.66
0.51
1.63
1.75
1.59
1.34
1.76
1.74
1.05
1.82
0.51
0.58
0.52
1.88
0.88
1.36
1.98
0.87
0.66
0.84
0.55
1.33
0.66
0.82
1.12
0.77
1.70
1.51
1.05
1.54
0.82
0.66
1.69
1.75
0.85
0.60
1.30
0.98
1.59
1.64
1.48
1.20
1.19
1.93
0.96
1.38
1.99
1.31
0.96
1.81
0.81
0.71
0.85
1.29
0.54
0.90
0.64
1.24
1.77
0.96
1.62
1.30
1.49
0.67
0.60
1.84
1.21
1.49
1.38
0.92
1.14
1.57
1.62
1.16
1.21
1.21
0.70
0.80
1.47
1.13
1.94
1.06
0.55
1.61
0.56
1.58
0.99
0.82
1.91
1.35
1.14
1.10
0.88
1.58
1.80
1.54
0.92
1.48
0.69
1.69
0.76
0.61
1.41
1.93
0.89
1.16
1.94
0.95
1.70
0.74
1.63
1.32
1.61
1.45
1.87
1.04
1.78
1.51
0.89
1.52
1.55
0.97
1.04
0.99
0.98
0.83
1.43
1.06
1.87
1.78
1.51
1.71
0.52
1.17
1.51
0.85
1.33
0.53
1.41
1.19
1.87
1.52
1.91
0.63
1.41
1.21
1.95
1.20
1.22
1.09
0.51
1.42
1.11
0.58
0.84
0.54
0.89
1.97
0.52
1.49
1.52
1.20
1.04
1.53
1.01
1.27
0.87
0.58
1.85
0.78
1.89
1.05
1.30
1.46
1.19
1.84
1.76
1.73
0.69
0.91
1.12
1.59
0.99
1.55
1.47
0.81
1.27
0.80
1.26
1.75
0.74
0.53
1.72
1.92
1.15
1.77
0.89
0.90
1.90
0.82
1.77
0.84
1.24
0.68
1.41
1.51
0.53
1.36
1.29
0.55
1.32
1.44
0.92
0.52
1.10
0.55
0.63
0.76
0.51
1.63
0.77
1.66
0.69
0.59
1.50
1.56
1.35
0.65
1.04
1.02
0.92
1.35
1.78
1.60
1.21
0.65
1.44
1.21
1.73
1.81
0.85
1.29
0.68
0.69
1.39
1.94
1.96
0.51
0.82
1.33
1.22
1.23
1.78
1.01
0.62
0.56
1.27
1.80
1.41
1.90
1.35
0.63
0.58
0.64
0.77
1.85
1.16
1.63
1.29
1.06
1.79
0.85
1.95
1.43
1.07
1.28
1.56
1.70
1.54
1.23
1.00
1.31
1.29
0.53
1.45
1.08
1.62
1.35
1.44
0.85
1.28
2.00
0.83
1.58
1.57
0.71
0.54
0.65
1.01
1.52
1.82
0.80
1.27
1.50
1.03
1.47
1.31
0.95
0.58
1.53
1.65
0.80
1.81
1.42
1.68
0.50
1.11
1.97
0.61
1.36
1.41
1.28
1.42
1.78
1.18
1.94