3.70
3.22
2.95
3.63
2.83
2.39
2.45
3.90
2.44
3.94
2.56
2.83
2.24
2.92
2.42
3.80
2.95
2.99
2.44
3.40
2.46
3.24
2.22
2.97
3.17
2.84
3.14
3.79
2.55
3.75
2.26
2.19
3.87
3.06
3.79
3.44
3.06
2.44
3.34
3.30
2.28
2.35
2.75
2.80
3.33
3.41
2.47
2.62
2.50
3.85
2.50
3.12
2.06
3.34
3.22
2.93
2.44
2.88
2.08
3.54
3.93
2.20
3.02
3.15
3.07
2.32
2.48
3.59
3.74
3.01
2.19
2.99
2.62
2.09
3.19
3.96
3.33
3.98
2.16
2.53
2.53
2.89
2.44
2.59
3.97
2.79
2.56
3.17
2.80
3.50
2.29
3.62
2.69
3.18
3.71
2.84
2.62
3.09
2.23
3.69
3.74
2.94
3.24
2.83
2.74
2.45
3.18
3.93
3.22
2.22
2.27
2.30
2.66
2.96
2.75
2.91
2.65
2.23
2.89
2.67
2.01
2.11
2.64
2.35
2.57
2.50
3.48
3.07
2.08
3.13
3.96
3.54
3.29
3.47
2.56
2.01
2.17
2.91
2.47
3.29
2.46
3.82
2.45
3.29
3.46
2.62
2.30
2.50
3.65
2.13
2.96
2.70
2.10
2.08
3.40
2.99
2.93
3.34
2.99
2.09
3.36
3.47
2.27
2.90
2.27
2.76
3.23
2.62
3.44
2.42
3.81
3.13
3.86
2.85
3.14
2.76
3.76
2.95
3.46
2.08
3.39
2.57
2.18
3.72
3.34
3.37
2.11
2.41
2.97
3.71
3.52
3.04
3.18
2.63
3.77
3.87
3.07
2.83
3.18
3.81
3.17
3.20
2.06
2.92
3.15
2.19
3.89
3.51
2.44
3.04
3.88
2.32
3.10
3.40
3.54
2.77
2.62
3.54
3.78
2.33
2.38
2.23
2.62
3.02
2.12
3.23
2.14
3.68
3.94
3.08
3.38
2.48
3.73
3.05
3.65
3.01
2.84
2.76
2.26
2.28
2.66
3.87
2.59
3.84
3.49
3.04
3.15
3.32
2.33
3.32
3.83
2.95
2.62
2.48
2.18
2.55
2.13
3.23
3.44
2.03
2.83
2.22
2.57
2.29
3.39
2.10
2.76
3.55
2.74
3.07
3.16
2.40
2.68
2.76
2.70
3.87
3.81
3.65
2.22
3.68
3.78
2.59
3.30
3.23
2.60
3.91
3.11
3.59
2.60
3.51
2.15
2.89
3.67
2.80
2.54
3.41
3.00
2.13
3.76
3.95
2.91
3.32
2.76
3.09
3.11
2.23
2.61
3.22
3.43
2.89
3.53
3.90
3.14
2.97
2.68
3.52
2.90
3.16
2.42
2.10
2.82
2.12
3.49
2.84
3.30
2.17
3.85
2.62
3.07
2.37
2.36
2.82
3.12
2.04
2.81
3.25
2.72
3.46
3.65
3.94
3.95
2.16
2.51
3.14
3.72
2.86
2.24
2.80
2.48
3.89
2.85
2.95
3.05
2.85
2.48
3.88
2.74
3.91
2.11
3.90
3.52
3.77
3.07
2.41
2.83
3.13
3.55
3.68
2.65
2.22
2.33
3.33
3.79
3.25
2.61
3.52
3.03
2.97
2.81
2.34
3.88
3.17
2.97
3.55
2.06
2.52
3.23
2.80
3.05
3.91
2.65
3.65
3.73
3.81
3.37
3.57
3.61
3.53
3.08
3.84