8.41
7.92
7.23
7.86
8.23
7.98
11.10
8.35
6.57
8.02
8.36
7.35
6.26
7.42
6.69
6.67
6.44
6.42
6.40
6.78
5.32
7.09
6.77
6.06
6.02
8.29
7.60
8.70
7.48
6.38
6.30
8.33
8.51
5.92
7.86
6.46
7.08
7.93
7.61
7.17
6.86
7.03
12.97
8.78
7.97
6.47
7.58
12.84
11.98
5.00
10.18
8.67
8.65
7.11
6.43
9.78
6.15
7.28
5.82
11.06
8.72
7.22
7.36
5.67
7.78
7.46
11.49
6.07
6.50
12.81
6.57
7.41
13.44
7.00
13.77
8.67
7.18
12.96
10.34
7.24
6.32
10.15
8.35
6.53
13.56
7.71
6.81
10.35
9.93
8.98
6.11
12.06
6.28
6.50
7.82
7.38
14.00
6.07
6.52
7.99
7.28
6.47
8.85
8.93
6.82
6.87
6.96
11.93
13.40
9.99
8.69
6.24
12.22
7.24
6.93
6.21
7.33
7.61
6.87
5.26
8.98
7.41
7.70
7.79
7.75
8.79
6.25
8.09
7.00
7.53
6.13
5.40
6.11
7.47
6.86
13.51
11.35
6.37
9.21
6.87
6.80
5.03
8.65
7.53
7.48
6.65
6.42
8.17
6.80
8.78
7.64
8.23
8.88
7.55
7.46
6.68
11.70
6.93
13.39
7.92
8.59
8.53
8.06
7.79
7.32
9.08
6.65
9.35
6.30
13.92
8.56
7.93
6.87
12.27
8.05
12.17
8.35
7.73
7.72
6.67
6.92
10.15
7.43
8.84
6.54
6.77
6.48
7.16
10.01
7.24
12.68
7.72
8.85
8.34
6.75
10.97
7.22
7.88
8.63
7.68
11.09
6.68
10.81
6.45
7.98
6.41
6.70
6.71
6.66
11.41
11.56
10.20
7.40
7.35
6.43
8.08
6.60
12.24
7.47
7.94
12.45
8.72
7.98
6.96
6.65
11.11
8.91
8.91
7.50
6.59
8.21
6.52
7.50
6.64
11.91
6.11
5.94
7.85
7.68
12.31
6.44
7.93
8.61
6.81
13.66
8.13
8.02
6.76
8.07
10.78
6.86
6.94
6.68
8.45
11.71
6.61
7.42
12.05
8.70
6.38
7.77
8.49
6.51
11.53
8.96
8.10
7.50
8.42
8.18
6.68
9.13
6.49
9.46
13.55
8.94
8.02
8.84
7.94
7.17
9.35
8.09
7.15
12.30
8.88
7.76
6.40
8.42
7.79
13.96
7.73
13.00
7.91
6.42
6.51
8.07
6.55
5.08
7.79
9.45
7.95
6.56
8.16
12.00
6.77
5.43
8.00
7.38
7.66
8.90
8.38