1.45
1.42
2.70
1.86
1.86
1.97
2.43
2.69
2.25
2.44
1.58
2.40
2.96
1.99
2.59
1.73
2.41
2.85
1.61
2.63
1.84
1.55
2.59
2.79
1.49
1.57
2.47
1.99
1.51
1.70
1.34
2.55
1.50
2.56
2.13
1.49
2.04
1.82
1.36
2.07
1.59
2.96
1.37
1.79
2.86
2.67
1.88
2.99
1.33
1.77
2.83
1.63
2.99
2.77
2.60
2.48
1.51
1.39
1.31
2.81
1.86
1.53
1.38
1.94
1.99
1.61
1.33
1.34
2.21
2.17
1.83
2.31
1.61
1.84
1.83
2.39
1.64
1.35
1.40
1.87
2.30
1.76
2.04
2.02
2.23
2.06
2.15
2.55
2.82
1.62
2.93
1.44
1.91
1.66
2.27
2.46
2.18
1.91
1.47
2.83
1.34
2.88
2.64
1.73
2.31
2.72
2.39
2.08
2.55
2.02
2.81
2.05
2.05
1.57
2.76
1.63
1.83
1.41
2.81
2.35
1.83
2.83
2.36
1.79
1.44
2.98
2.88
2.43
1.61
2.71
2.66
2.95
2.68
1.80
1.68
2.48
2.30
2.89
2.39
1.86
2.54
1.96
2.62
2.74
2.37
2.25
2.72
1.56
2.92
1.49
2.64
2.28
2.60
1.85
1.81
2.02
2.95
1.71
2.90
1.89
2.91
2.67
1.36
2.06
1.32
2.17
2.81
2.56
1.67
2.87
2.11
2.67
1.99
1.83
2.52
1.88
2.87
2.31
1.71
2.20
1.72
2.39
1.68
2.90
2.98
1.54
1.68
1.76
2.97
2.97
1.56
2.72
1.40
2.04
1.95
1.87
2.71
1.66
2.82
1.99
1.98
2.72
2.48
2.64
2.98
2.45
1.60
1.57
2.69
1.86
1.48
1.48
1.52
1.43
2.61
2.75
1.46
2.22
2.20
1.31
2.44
2.61
1.86
2.27
2.30
1.94
1.47
2.13
2.58
2.32
2.54
2.53
1.37
2.28
1.82
1.57
2.87
2.10
2.42
1.88
2.68
2.07
2.54
1.95
2.97
1.58
1.78
1.73
2.88
2.11
2.06
2.86
2.16
1.60
1.64
2.81
2.70
2.25
1.95
2.86
2.92
2.17
1.43
2.71
2.25
1.76
1.54
2.35
1.93
2.67
2.34
2.04
2.81
1.60
1.46
1.37
1.61
1.60
2.63
1.43
2.36
1.53
2.64
2.03
2.16
2.30
2.06
2.59
2.84
1.77
2.85
1.94
2.89
2.59
2.75
1.84
2.16
2.76
2.00
2.78