19.87
31.07
19.96
27.99
20.14
19.69
20.36
19.41
20.07
55.21
20.25
20.99
26.21
20.56
20.52
20.15
19.58
19.46
19.22
19.48
30.44
15.48
11.12
19.15
26.13
19.77
20.05
53.07
19.43
19.35
19.11
19.87
19.95
19.44
20.47
50.04
20.94
19.04
23.19
19.86
41.55
25.65
19.50
19.22
20.73
20.68
19.16
36.87
19.33
20.14
26.56
19.41
20.89
20.48
20.52
30.94
18.61
20.44
24.12
53.30
31.71
6.68
19.78
20.41
19.58
20.57
20.86
30.82
19.54
16.88
28.82
19.16
22.24
47.27
42.60
19.23
20.08
19.95
19.11
42.43
19.18
19.06
20.07
20.96
20.38
48.29
19.30
11.28
19.04
28.22
20.73
42.19
15.09
22.70
19.06
19.23
49.87
23.90
19.50
20.07
7.57
20.28
16.26
19.30
20.66
54.18
20.10
51.67
20.67
20.41
20.54
20.59
19.31
19.27
19.68
19.65
12.95
13.97
53.11
9.48
19.09
33.56
20.21
53.31
19.18
43.75
19.02
20.60
19.27
19.91
19.96
19.01
57.70
19.64
19.11
19.03
12.80
27.31
20.31
19.29
20.54
19.23
20.56
53.12
57.62
26.32
48.27
20.23
19.09
18.86
20.80
20.48
19.34
21.00
45.34
14.98
19.92
9.19
28.38
20.21
15.68
20.45
13.82
14.49
55.45
19.74
50.84
20.69
7.95
20.55
19.70
20.37
36.37
19.56
20.53
24.41
38.37
20.02
19.85
27.00
19.88
11.10
29.32
51.63
20.36
21.83
20.21
20.77
20.68
29.70
20.72
30.79
20.89
23.07
28.00
22.38
20.96
20.95
20.83
46.27
19.30
20.33
20.97
20.81
23.74
20.08
19.44
20.00
9.04
32.96
19.85
56.08
51.79
20.25
20.53
20.45
20.10
20.37
19.35
19.83
19.72
30.92
19.15
20.38
20.20
20.36
10.45
20.47
20.13
19.27
19.71
14.75
20.82
19.50
46.13
20.94
19.75
33.13
57.29
19.52
20.31
19.44
19.89
19.87
10.39
20.58
38.56
20.77
20.38
19.90
29.66
20.47
11.88
20.76
20.75
17.23
53.29
19.42
57.07
19.15
19.70
5.40
6.69
59.14
20.14
20.45
19.47
58.74
58.19
35.59
20.03
17.68
28.37
36.88
12.79
22.05
7.34
20.95
20.57
43.71
19.08
13.80
50.42
19.95
12.67
19.93
19.70
36.98
20.12
19.97
19.18
18.68
20.63
38.31
19.21
51.17
20.86
19.38
30.91
20.50