3.30
2.55
3.15
3.19
2.73
2.63
3.98
3.30
3.06
2.45
3.46
3.27
1.99
3.76
2.65
3.48
1.99
2.68
3.71
3.16
2.85
3.98
3.95
3.05
2.06
3.57
2.73
2.41
2.77
2.41
3.75
2.55
2.10
3.37
3.80
2.99
3.84
3.41
3.24
3.01
2.04
3.53
3.32
3.77
3.19
3.63
3.38
3.70
2.32
2.19
2.30
2.73
3.48
2.47
2.65
3.01
2.53
3.67
2.06
3.41
2.26
2.52
2.86
3.90
3.64
3.74
2.38
3.81
2.30
3.43
2.26
3.75
2.90
3.48
2.64
3.32
2.95
2.88
4.00
3.18
2.82
2.58
3.14
3.11
3.24
3.14
2.11
2.57
2.24
3.65
2.05
2.19
2.01
3.66
2.08
3.86
3.97
3.63
2.25
3.87
2.83
3.42
3.03
3.38
3.92
2.82
2.50
3.67
3.75
2.43
3.69
2.33
3.30
2.57
2.25
2.44
2.84
2.91
2.36
3.63
3.79
3.11
3.45
2.88
2.65
2.87
3.75
2.56
2.10
3.67
3.65
3.93
3.23
3.35
3.90
3.42
3.11
3.31
2.95
2.41
2.05
3.17
3.37
2.05
2.78
3.64
3.82
3.58
3.58
3.42
2.68
3.76
3.07
2.81
3.43
2.49
3.56
2.48
3.09
3.53
3.16
2.92
2.72
3.19
3.94
2.98
3.98
2.81
2.02
3.35
2.57
2.65
2.48
2.26
2.68
3.11
3.88
3.03
2.39
3.22
2.01
2.86
3.21
3.32
2.35
3.31
2.59
3.71
2.19
3.65
2.52
2.23
4.00
3.22
3.16
3.82
3.93
3.02
3.98
2.16
2.00
3.95
2.77
3.03
2.33
3.81
3.49
2.02
3.72
3.34
3.76
3.67
3.19
2.32
3.08
2.89
3.75
2.14
2.29
2.24
3.97
2.25
2.38
3.34
3.36
3.92
2.15
3.78
3.24
2.68
3.62
2.52
2.98
3.09
2.37
2.26
2.68
2.11
3.89
3.45
3.35
2.49
2.19
2.97
2.34
2.69
3.05
3.31
3.30
3.51
2.65
2.64
2.53
3.44
2.12
2.24
2.56
3.18
3.04
2.38
3.89
3.83
3.45
2.65
2.71
2.71
2.88
2.30
3.98
3.42
2.66
3.10
3.63
2.36
2.34
3.67
3.13
3.96
2.59
2.15
3.46
2.37
2.93
2.62
2.66
2.59
2.11
3.28
2.59
3.81
2.30
2.19
3.33
3.54
3.26
2.74
2.59
2.02
2.07
3.84
2.14
2.08
2.31
3.06
3.61
3.76
3.44
3.97
2.32
3.08
3.50
2.83
2.13
3.22
2.51
3.86
3.57
2.76
3.89
2.30
3.82
3.49
3.17
3.48
2.46
3.25
2.92
2.72
3.94
3.53
2.26
2.37
3.15
3.39
2.54
3.75
3.46
3.95
2.17
3.41
3.03
2.34
2.06
3.98
2.21
3.15
2.29
3.36
2.73
2.72
2.80
3.86
2.06
3.64
3.61
3.14
2.04
2.32
3.78
2.98
2.71
3.36
2.94
2.85
2.09
2.67
2.25
2.24
3.87
2.78
3.98
3.14
2.42
2.23
3.65
3.55
3.58
3.57
2.64
3.23
2.27
3.37
3.41
2.77
3.34
2.64
2.95
2.20
3.69
2.18
2.48
3.67
2.85
2.23
3.96
2.66
2.79
3.16
2.03
3.19